"CONTROL_SOBOLEVSKY" "KIREYEVSKY" "PESENNIKI" "RUSCORPORA" "RUSSKIE_PESNI" "SOBOLEVSKY_FULL"
"CONTROL_SOBOLEVSKY" 0 0.728316360974979 0.870070898945994 1.71311267936185 1.44459156553099 0.666717240833555
"KIREYEVSKY" 0.728316360974979 0 0.747785027690256 1.63430689619691 1.38338654207676 0.388897167667898
"PESENNIKI" 0.870070898945994 0.747785027690256 0 1.56615740844314 1.19426319075324 0.764029089344774
"RUSCORPORA" 1.71311267936185 1.63430689619691 1.56615740844314 0 1.17292242195116 1.6316136271794
"RUSSKIE_PESNI" 1.44459156553099 1.38338654207676 1.19426319075324 1.17292242195116 0 1.42350483757319
"SOBOLEVSKY_FULL" 0.666717240833555 0.388897167667898 0.764029089344774 1.6316136271794 1.42350483757319 0
